//Leadwerks Material File

blendmode=0
castshadows=1
zsort=0
cullbackfaces=0
depthtest=1
depthmask=1
diffuse=0.588235319,0.588235319,0.588235319,1.00000000
specular=0.501960814,0.501960814,0.501960814,0.501960814
alwaysuseshader=0
mappingscale=1.00000000,1.00000000,1.00000000
drawmode=-1

shader="Shaders/Model/diffuse+normal+alphamask.shader"
texture0="./gras-long-dry-diff.tex"
texture1="./gras-long-diff_dot3.tex"
