//Leadwerks Material File

blendmode=0
castshadows=0
zsort=0
cullbackfaces=1
depthtest=1
depthmask=1
diffuse=0.000000000,1.00000000,1.00000000,0.501960814
specular=0.000000000,0.000000000,0.000000000,0.000000000
alwaysuseshader=1
drawmode=-1

shader="shaders\model\flat\default.shader"
